301 0 FT933-10064 0
301 0 FT933-11054 0
301 0 FT933-11067 0
301 0 FT933-11804 1
301 0 FT933-12030 0
301 0 FT933-1329 0
301 0 FT933-1331 0
301 0 FT933-1338 0
301 0 FT933-13408 0
301 0 FT933-13528 0
301 0 FT933-15522 0
301 0 FT933-15581 0
301 0 FT933-15697 0
301 0 FT933-1600 0
301 0 FT933-16366 0
301 0 FT933-16962 0
301 0 FT933-17008 1
301 0 FT933-1718 0
301 0 FT933-2139 0
301 0 FT933-2224 1
301 0 FT933-279 0
301 0 FT933-4677 0
301 0 FT933-550 0
301 0 FT933-582 0
301 0 FT933-6786 0
301 0 FT933-6924 0
301 0 FT933-6966 0
301 0 FT933-6971 0
301 0 FT933-7993 0
301 0 FT933-8067 0
304 0 FT933-10030 0
304 0 FT933-10960 0
304 0 FT933-11991 0
304 0 FT933-12036 0
304 0 FT933-12379 0
304 0 FT933-13309 0
304 0 FT933-13758 0
304 0 FT933-14932 0
304 0 FT933-14995 0
304 0 FT933-15026 0
304 0 FT933-15296 0
304 0 FT933-15354 0
304 0 FT933-15803 0
304 0 FT933-15821 1
304 0 FT933-16222 0
304 0 FT933-2079 0
304 0 FT933-2368 0
304 0 FT933-2383 0
304 0 FT933-2396 0
304 0 FT933-4188 0
304 0 FT933-4692 1
304 0 FT933-4759 1
304 0 FT933-4912 1
304 0 FT933-5527 0
304 0 FT933-5757 1
304 0 FT933-6941 0
304 0 FT933-7286 0
304 0 FT933-7330 1
304 0 FT933-7728 0
304 0 FT933-778 0
304 0 FT933-7826 0
304 0 FT933-7872 0
304 0 FT933-7880 0
304 0 FT933-9176 1
304 0 FT933-9186 0
304 0 FT933-9731 0
304 0 FT933-9732 0
304 0 FT933-9851 0
306 0 FT933-10551 1
306 0 FT933-10553 1
306 0 FT933-10871 1
306 0 FT933-10885 1
306 0 FT933-11366 0
306 0 FT933-1141 0
306 0 FT933-11482 0
306 0 FT933-11710 0
306 0 FT933-11813 0
306 0 FT933-12145 0
306 0 FT933-12212 0
306 0 FT933-13578 0
306 0 FT933-1423 0
306 0 FT933-14486 1
306 0 FT933-14577 1
306 0 FT933-14898 0
306 0 FT933-15069 0
306 0 FT933-15435 0
306 0 FT933-15639 0
306 0 FT933-15644 0
306 0 FT933-15681 1
306 0 FT933-15855 0
306 0 FT933-15868 1
306 0 FT933-15870 1
306 0 FT933-15936 1
306 0 FT933-16128 0
306 0 FT933-16167 1
306 0 FT933-1807 0
306 0 FT933-2434 1
306 0 FT933-2752 1
306 0 FT933-2801 0
306 0 FT933-3263 1
306 0 FT933-3497 1
306 0 FT933-3498 0
306 0 FT933-3875 1
306 0 FT933-4131 1
306 0 FT933-4734 0
306 0 FT933-5498 0
306 0 FT933-5755 0
306 0 FT933-5757 0
306 0 FT933-5771 0
306 0 FT933-6158 0
306 0 FT933-6790 1
306 0 FT933-7683 0
306 0 FT933-8139 0
306 0 FT933-839 0
306 0 FT933-8463 1
306 0 FT933-8502 0
306 0 FT933-8814 0
306 0 FT933-9095 1
306 0 FT933-9230 1
306 0 FT933-9659 1
306 0 FT933-9848 0
306 0 FT933-9849 0
307 0 FT933-10134 0
307 0 FT933-10504 0
307 0 FT933-10732 0
307 0 FT933-11124 0
307 0 FT933-11131 0
307 0 FT933-12 0
307 0 FT933-12156 0
307 0 FT933-12157 0
307 0 FT933-12185 0
307 0 FT933-12376 0
307 0 FT933-1258 0
307 0 FT933-12657 0
307 0 FT933-13717 0
307 0 FT933-13746 0
307 0 FT933-14397 0
307 0 FT933-14582 0
307 0 FT933-14627 0
307 0 FT933-14966 0
307 0 FT933-15315 0
307 0 FT933-15354 0
307 0 FT933-15629 0
307 0 FT933-15699 0
307 0 FT933-15821 0
307 0 FT933-16455 0
307 0 FT933-16675 0
307 0 FT933-1977 0
307 0 FT933-20 0
307 0 FT933-2591 0
307 0 FT933-3022 0
307 0 FT933-3091 0
307 0 FT933-4857 0
307 0 FT933-5790 0
307 0 FT933-6093 0
307 0 FT933-6156 0
307 0 FT933-6529 0
307 0 FT933-6598 0
307 0 FT933-6677 0
307 0 FT933-67 0
307 0 FT933-6807 0
307 0 FT933-7260 0
307 0 FT933-7350 0
307 0 FT933-7521 0
307 0 FT933-7601 0
307 0 FT933-8158 0
307 0 FT933-8424 0
307 0 FT933-8730 0
307 0 FT933-8878 1
307 0 FT933-889 0
307 0 FT933-9085 0
307 0 FT933-9499 0
307 0 FT933-9535 1
308 0 FT933-10096 0
308 0 FT933-10134 0
308 0 FT933-11124 0
308 0 FT933-11264 0
308 0 FT933-11748 0
308 0 FT933-11836 0
308 0 FT933-12134 0
308 0 FT933-1258 0
308 0 FT933-1422 0
308 0 FT933-14397 0
308 0 FT933-14627 0
308 0 FT933-16347 0
308 0 FT933-16455 0
308 0 FT933-16541 0
308 0 FT933-1977 0
308 0 FT933-2350 0
308 0 FT933-3091 0
308 0 FT933-3217 0
308 0 FT933-3310 0
308 0 FT933-3686 0
308 0 FT933-3906 0
308 0 FT933-3955 0
308 0 FT933-4153 0
308 0 FT933-4681 0
308 0 FT933-471 0
308 0 FT933-5179 1
308 0 FT933-5406 0
308 0 FT933-5463 0
308 0 FT933-5514 0
308 0 FT933-5696 0
308 0 FT933-5790 0
308 0 FT933-6108 0
308 0 FT933-6176 0
308 0 FT933-6376 0
308 0 FT933-6598 0
308 0 FT933-67 0
308 0 FT933-6719 0
308 0 FT933-6807 0
308 0 FT933-7121 0
308 0 FT933-7266 0
308 0 FT933-7521 0
308 0 FT933-8158 0
308 0 FT933-8730 0
308 0 FT933-9109 0
308 0 FT933-9451 0
311 0 FT933-10025 0
311 0 FT933-10030 0
311 0 FT933-10081 1
311 0 FT933-10190 1
311 0 FT933-10240 0
311 0 FT933-10242 0
311 0 FT933-10263 0
311 0 FT933-10319 0
311 0 FT933-10523 1
311 0 FT933-10713 1
311 0 FT933-10880 1
311 0 FT933-10888 1
311 0 FT933-10939 0
311 0 FT933-11094 1
311 0 FT933-11211 1
311 0 FT933-11224 1
311 0 FT933-11232 0
311 0 FT933-11348 1
311 0 FT933-11583 1
311 0 FT933-11586 1
311 0 FT933-11702 1
311 0 FT933-11800 0
311 0 FT933-12074 1
311 0 FT933-12086 1
311 0 FT933-12226 1
311 0 FT933-12329 1
311 0 FT933-1235 0
311 0 FT933-12538 1
311 0 FT933-12663 0
311 0 FT933-12687 1
311 0 FT933-12689 0
311 0 FT933-12693 1
311 0 FT933-12936 1
311 0 FT933-12940 1
311 0 FT933-13059 1
311 0 FT933-13152 0
311 0 FT933-13170 1
311 0 FT933-13176 1
311 0 FT933-13369 0
311 0 FT933-13745 0
311 0 FT933-13747 1
311 0 FT933-13769 0
311 0 FT933-13803 1
311 0 FT933-13952 1
311 0 FT933-13969 0
311 0 FT933-14215 0
311 0 FT933-14710 1
311 0 FT933-14828 1
311 0 FT933-15046 0
311 0 FT933-15153 1
311 0 FT933-15819 0
311 0 FT933-1588 0
311 0 FT933-16406 0
311 0 FT933-16529 0
311 0 FT933-16987 0
311 0 FT933-172 0
311 0 FT933-2790 1
311 0 FT933-2873 0
311 0 FT933-3164 1
311 0 FT933-3303 1
311 0 FT933-3624 0
311 0 FT933-4177 1
311 0 FT933-4222 1
311 0 FT933-4422 1
311 0 FT933-4428 1
311 0 FT933-4450 1
311 0 FT933-4454 1
311 0 FT933-4956 1
311 0 FT933-5132 0
311 0 FT933-5273 1
311 0 FT933-5282 1
311 0 FT933-562 0
311 0 FT933-5969 1
311 0 FT933-6272 0
311 0 FT933-6355 1
311 0 FT933-6557 1
311 0 FT933-6558 1
311 0 FT933-6559 1
311 0 FT933-6560 1
311 0 FT933-6561 1
311 0 FT933-6682 0
311 0 FT933-6767 1
311 0 FT933-7170 1
311 0 FT933-7407 0
311 0 FT933-7442 1
311 0 FT933-7473 1
311 0 FT933-7701 1
311 0 FT933-7708 1
311 0 FT933-7720 0
311 0 FT933-7855 0
311 0 FT933-7932 1
311 0 FT933-8010 1
311 0 FT933-8358 1
311 0 FT933-8474 1
311 0 FT933-8481 1
311 0 FT933-8576 1
311 0 FT933-8755 0
311 0 FT933-8905 1
311 0 FT933-9150 0
311 0 FT933-9240 1
311 0 FT933-9420 1
311 0 FT933-9542 1
311 0 FT933-9672 1
311 0 FT933-9676 1
311 0 FT933-9694 1
311 0 FT933-9772 1
311 0 FT933-9877 1
313 0 FT933-11114 1
313 0 FT933-11576 0
313 0 FT933-11735 0
313 0 FT933-11859 0
313 0 FT933-11865 0
313 0 FT933-12716 0
313 0 FT933-12811 0
313 0 FT933-14751 0
313 0 FT933-14918 0
313 0 FT933-15809 0
313 0 FT933-16968 0
313 0 FT933-3493 0
313 0 FT933-5645 0
313 0 FT933-5754 0
313 0 FT933-5776 0
313 0 FT933-6284 0
313 0 FT933-6360 0
313 0 FT933-6393 0
313 0 FT933-6535 0
313 0 FT933-6606 0
313 0 FT933-7003 0
313 0 FT933-7120 0
313 0 FT933-7300 0
313 0 FT933-7395 0
313 0 FT933-7720 0
313 0 FT933-7934 0
313 0 FT933-8250 0
313 0 FT933-9123 0
313 0 FT933-9271 0
313 0 FT933-9293 0
313 0 FT933-9813 0
329 0 FT933-10066 0
329 0 FT933-10123 0
329 0 FT933-10263 0
329 0 FT933-10350 0
329 0 FT933-11325 0
329 0 FT933-12047 0
329 0 FT933-1225 0
329 0 FT933-12416 0
329 0 FT933-12920 0
329 0 FT933-13086 0
329 0 FT933-13115 0
329 0 FT933-13161 0
329 0 FT933-13243 0
329 0 FT933-13380 0
329 0 FT933-13839 0
329 0 FT933-14405 0
329 0 FT933-14415 0
329 0 FT933-14995 0
329 0 FT933-15211 0
329 0 FT933-15475 0
329 0 FT933-15680 0
329 0 FT933-15878 0
329 0 FT933-15886 0
329 0 FT933-15887 0
329 0 FT933-16545 0
329 0 FT933-16575 0
329 0 FT933-16719 0
329 0 FT933-16741 0
329 0 FT933-17008 0
329 0 FT933-1994 0
329 0 FT933-21 0
329 0 FT933-2237 0
329 0 FT933-2546 0
329 0 FT933-3066 0
329 0 FT933-3519 0
329 0 FT933-408 0
329 0 FT933-5360 0
329 0 FT933-6139 0
329 0 FT933-6883 0
329 0 FT933-7525 0
329 0 FT933-770 1
329 0 FT933-800 0
329 0 FT933-8468 0
329 0 FT933-8500 0
329 0 FT933-8583 0
329 0 FT933-8669 0
329 0 FT933-8677 0
329 0 FT933-8694 0
329 0 FT933-8875 0
329 0 FT933-9007 0
329 0 FT933-903 0
329 0 FT933-94 0
330 0 FT933-10134 0
330 0 FT933-10226 0
330 0 FT933-10773 0
330 0 FT933-10833 0
330 0 FT933-1084 0
330 0 FT933-11124 0
330 0 FT933-11618 0
330 0 FT933-11878 0
330 0 FT933-12023 0
330 0 FT933-12233 0
330 0 FT933-12236 0
330 0 FT933-1258 0
330 0 FT933-12914 0
330 0 FT933-13376 0
330 0 FT933-1393 0
330 0 FT933-13951 0
330 0 FT933-14043 0
330 0 FT933-14052 0
330 0 FT933-14223 0
330 0 FT933-14397 0
330 0 FT933-14604 0
330 0 FT933-14627 0
330 0 FT933-14815 0
330 0 FT933-14975 0
330 0 FT933-14993 0
330 0 FT933-15313 0
330 0 FT933-15926 0
330 0 FT933-1628 0
330 0 FT933-16295 0
330 0 FT933-16455 0
330 0 FT933-16744 0
330 0 FT933-17017 1
330 0 FT933-1853 0
330 0 FT933-1889 0
330 0 FT933-1919 0
330 0 FT933-1977 0
330 0 FT933-3091 0
330 0 FT933-3258 0
330 0 FT933-5649 0
330 0 FT933-5790 0
330 0 FT933-6376 0
330 0 FT933-6598 0
330 0 FT933-67 0
330 0 FT933-6807 0
330 0 FT933-7521 0
330 0 FT933-7728 0
330 0 FT933-8158 0
330 0 FT933-8730 0
331 0 FT933-10134 0
331 0 FT933-10320 0
331 0 FT933-10411 0
331 0 FT933-10454 1
331 0 FT933-1084 0
331 0 FT933-10901 0
331 0 FT933-10961 0
331 0 FT933-11010 0
331 0 FT933-11315 0
331 0 FT933-1178 0
331 0 FT933-1184 0
331 0 FT933-1187 0
331 0 FT933-1206 1
331 0 FT933-1209 1
331 0 FT933-1258 0
331 0 FT933-13320 1
331 0 FT933-13369 0
331 0 FT933-13701 0
331 0 FT933-13717 0
331 0 FT933-13754 0
331 0 FT933-14057 1
331 0 FT933-1422 1
331 0 FT933-14225 1
331 0 FT933-14397 0
331 0 FT933-14484 1
331 0 FT933-14581 1
331 0 FT933-14627 0
331 0 FT933-14748 0
331 0 FT933-14802 1
331 0 FT933-14805 1
331 0 FT933-14976 1
331 0 FT933-15087 0
331 0 FT933-15162 0
331 0 FT933-15874 0
331 0 FT933-15882 0
331 0 FT933-1592 0
331 0 FT933-16035 0
331 0 FT933-16118 1
331 0 FT933-16292 0
331 0 FT933-16296 0
331 0 FT933-16455 0
331 0 FT933-1653 1
331 0 FT933-1675 0
331 0 FT933-16766 1
331 0 FT933-1893 1
331 0 FT933-1897 1
331 0 FT933-1928 0
331 0 FT933-1977 0
331 0 FT933-2177 0
331 0 FT933-2306 1
331 0 FT933-253 1
331 0 FT933-254 1
331 0 FT933-2674 1
331 0 FT933-2944 0
331 0 FT933-303 0
331 0 FT933-3050 0
331 0 FT933-3091 0
331 0 FT933-3095 0
331 0 FT933-3195 1
331 0 FT933-3450 0
331 0 FT933-3549 0
331 0 FT933-3676 0
331 0 FT933-3913 0
331 0 FT933-4076 0
331 0 FT933-4125 0
331 0 FT933-4148 0
331 0 FT933-4185 0
331 0 FT933-4843 1
331 0 FT933-494 0
331 0 FT933-5758 0
331 0 FT933-5770 1
331 0 FT933-5790 0
331 0 FT933-5874 0
331 0 FT933-5902 1
331 0 FT933-6010 0
331 0 FT933-6143 0
331 0 FT933-6337 1
331 0 FT933-6467 1
331 0 FT933-6598 0
331 0 FT933-67 0
331 0 FT933-673 1
331 0 FT933-6807 0
331 0 FT933-6959 0
331 0 FT933-7367 0
331 0 FT933-7422 0
331 0 FT933-7521 0
331 0 FT933-758 0
331 0 FT933-764 0
331 0 FT933-770 0
331 0 FT933-7821 1
331 0 FT933-7879 1
331 0 FT933-7930 0
331 0 FT933-8158 0
331 0 FT933-8328 0
331 0 FT933-8405 0
331 0 FT933-841 1
331 0 FT933-8483 1
331 0 FT933-858 0
331 0 FT933-8653 0
331 0 FT933-8730 0
331 0 FT933-8752 0
331 0 FT933-936 1
331 0 FT933-939 1
331 0 FT933-940 0
331 0 FT933-9440 0
331 0 FT933-9442 0
331 0 FT933-9519 0
331 0 FT933-9794 0